-187.99992 -47.00002
-189.99992 -45.500034
-189.99992 -45.500034
-189.99992 144.49992
-189.99992 144.49992
-187.99992 146.49992
-187.99992 146.49992
-173.99992 146.49992
-173.99992 146.49992
-171.99992 143.49992
-171.99992 143.49992
-171.99992 -44.500023
-171.99992 -44.500023
-173.99992 -47.00002
-173.99992 -47.00002
-187.99992 -47.00002
-159.49994 -46.50002
-144.99994 -46.50002
-144.99994 -46.50002
-142.99994 -45.00002
-142.99994 -45.00002
-142.99994 143.99992
-142.99994 143.99992
-144.99994 145.99992
-144.99994 145.99992
-158.99994 146.49992
-158.99994 146.49992
-160.99994 144.99992
-160.99994 144.99992
-161.49994 -45.00002
-161.49994 -45.00002
-159.49994 -47.00002
-130.49994 -46.50002
-132.49994 -45.00002
-132.49994 -45.00002
-131.99994 144.49992
-131.99994 144.49992
-130.49994 146.9999
-130.49994 146.9999
-116.499954 146.49992
-116.499954 146.49992
-114.499954 144.49992
-114.499954 144.49992
-113.499954 -45.00002
-113.499954 -45.00002
-115.499954 -47.00002
-115.499954 -47.00002
-130.49994 -47.00002
-190.49992 95.49991
-192.99992 96.99991
-192.99992 96.99991
-193.49992 99.99993
-193.49992 99.99993
-190.49992 102.49993
-171.49992 96.49994
-161.99994 96.49994
-170.99992 101.9999
-161.49994 102.49993
-142.49994 101.9999
-132.49994 101.49993
-132.49994 96.49994
-142.49994 95.99994
-113.499954 96.49994
-41.49998 96.49994
-113.499954 101.9999
-41.99998 101.9999
-41.39997 102.19991
-41.09997 118.99989
-41.09997 118.99989
-31.499979 128.29988
-41.39997 102.49991
-41.09997 70.09992
-41.09997 70.09992
-37.499977 66.19993
-37.499977 66.19993
36.899975 66.19993
36.899975 66.19993
40.799973 70.399925
40.799973 70.399925
40.499973 118.99989
40.499973 118.99989
31.19998 127.99989
-30.29998 127.99989
-30.29998 124.3999
-30.29998 124.3999
-28.79998 122.8999
-28.79998 122.8999
29.099981 123.1999
29.099981 123.1999
29.99998 124.69989
29.99998 124.69989
29.99998 127.99989
29.99998 127.99989
-30.59998 127.99989
29.69998 127.6999
31.799978 127.39988
-31.499979 127.99989
-30.29998 127.99989
41.09997 102.19991
113.399925 102.19991
41.09997 96.19992
113.69993 96.19992
-11.999992 65.89987
-12.299992 -46.600044
11.999992 65.89987
11.999992 -46.600044
12.299992 -35.80005
23.099985 -46.900043
-12.299992 -35.500053
-23.699984 -46.000046
-35.699978 -46.900043
35.999977 -46.600044
35.999977 -46.600044
39.299973 -49.600048
39.299973 -49.600048
38.999973 -100.30001
38.999973 -100.30001
35.999977 -103.30001
35.999977 -103.30001
-35.39998 -103.30001
-35.39998 -103.30001
-38.999973 -100.30001
-38.999973 -100.30001
-39.599976 -49.30004
-39.599976 -49.30004
-35.999977 -46.90004
-102.89993 -56.200043
-106.19993 -59.800034
-106.19993 -59.800034
-105.89993 -62.50004
-103.49993 -64.30003
-105.89993 -62.50004
-102.59993 -0.70009613
-102.59993 -144.40002
-102.59993 -144.40002
-101.39993 -146.50003
-101.39993 -146.50003
-91.49994 -146.80002
-91.49994 -146.80002
-89.99994 -145.00002
-89.99994 -145.00002
-89.99994 -1.0001144
-89.99994 -1.0001144
-91.19994 1.0998993
-91.49994 1.0998993
-101.39993 1.3999023
-101.39993 1.3999023
-102.59993 -1.0001144
-79.19995 -0.4001007
-77.09995 1.6998978
-77.09995 1.6998978
-67.79996 1.3999023
-67.79996 1.3999023
-65.999954 -0.100112915
-65.999954 -0.100112915
-65.69996 -144.1
-65.69996 -144.1
-67.499954 -146.80002
-67.499954 -146.80002
-77.09995 -147.1
-77.09995 -147.1
-78.89995 -144.70001
-78.89995 -144.70001
-79.19995 -0.70009613
-89.39994 -58.000076
-79.19995 -58.000076
-79.19995 -62.50007
-89.69994 -62.800076
-65.69996 -63.100056
-39.299973 -63.100056
-65.399956 -58.000076
-39.599976 -58.30006
39.599976 -58.600067
65.399956 -58.30006
39.899975 -62.50007
65.69996 -63.400066
65.69996 -0.70009613
65.999954 -144.70001
65.999954 -144.70001
68.09995 -147.1
67.79996 -147.1
77.09995 -147.40002
77.09995 -147.40002
78.89995 -145.00002
78.89995 -145.00002
78.89995 -1.0001144
78.89995 -1.0001144
77.09995 1.6998978
77.09995 1.6998978
67.79996 1.9999008
67.79996 1.9999008
65.399956 -0.100112915
78.89995 -58.30006
89.39994 -58.000076
79.19995 -62.50007
89.69994 -63.100056
103.799934 -56.80007
105.89993 -59.50007
105.89993 -59.50007
105.89993 -61.600067
103.799934 -63.400066
105.89993 -61.300068
92.09994 1.9999008
101.09994 1.9999008
101.09994 2.2999039
103.199936 -0.4001007
103.199936 -0.4001007
103.199936 -145.00002
103.199936 -145.00002
101.09994 -146.80002
101.09994 -146.80002
91.79994 -146.80002
91.79994 -146.80002
90.29994 -144.70001
90.29994 -144.70001
89.69994 -0.70009613
89.69994 -0.70009613
92.09994 1.6998978
-35.999977 -103.30004
-35.999977 -108.10004
-35.999977 -108.10004
35.699978 -109.00003
35.699978 -109.00003
35.999977 -103.30004
35.999977 -108.700035
38.099976 -108.700035
38.099976 -108.700035
37.799976 -115.30003
37.799976 -115.30003
-37.799976 -115.00004
-37.799976 -115.00004
-37.799976 -108.700035
-37.799976 -108.700035
-36.599976 -108.700035
-37.799976 -114.700035
-41.39997 -118.90004
-41.39997 -118.90004
-41.09997 -121.60004
-41.09997 -121.60004
-38.399975 -124.900024
-38.399975 -124.900024
37.799976 -124.60003
37.799976 -124.60003
40.799973 -121.90003
40.799973 -121.90003
40.499973 -118.90004
40.499973 -118.90004
37.799976 -115.30003
-34.199978 -124.60003
-45.29997 -140.20001
-45.29997 -140.20001
-45.29997 -146.80002
-45.29997 -146.80002
44.69997 -146.80002
44.69997 -146.80002
45.29997 -140.80002
45.29997 -140.80002
33.89998 -125.20003
190.19995 95.5999
192.89993 97.699905
192.89993 97.699905
192.89993 101.29989
192.89993 101.29989
190.49994 103.3999
190.19995 144.79987
189.89993 -44.800034
189.89993 -44.800034
187.79994 -47.20002
187.79994 -47.20002
173.99995 -46.60003
173.99995 -46.60003
172.49995 -44.200035
172.49995 -44.200035
171.89995 144.19986
171.89995 144.19986
174.59995 146.89984
174.59995 146.89984
188.09995 146.59985
188.09995 146.59985
189.59995 144.19986
160.79996 144.19986
160.79996 -44.50003
160.79996 -44.50003
159.29996 -46.300034
159.29996 -46.300034
144.59998 -46.900032
144.59998 -46.900032
143.09998 -45.10003
143.09998 -45.10003
142.79997 144.49986
142.79997 144.49986
145.49997 146.89984
145.49997 146.89984
158.99997 147.19986
158.99997 147.19986
161.09996 144.49986
132.59998 101.89989
142.19997 101.89989
132.89998 97.699875
142.19997 97.99989
160.49997 101.89989
171.59995 101.59987
161.39996 97.399895
171.29996 97.399895
113.99999 143.89987
115.79999 146.29987
115.79999 146.29987
129.59998 146.59985
129.59998 146.59985
131.99998 144.19986
131.99998 144.19986
132.29997 -44.50003
132.29997 -44.50003
130.49998 -46.900032
130.49998 -46.900032
115.79999 -47.50003
115.79999 -47.50003
113.69999 -44.50003
113.69999 -44.50003
114.59999 143.89987
