-49.780304 -22.800133
-42.75026 -21.280125
-49.780304 -22.610132
-49.5903 -7.790042
-49.5903 -7.790042
-42.94026 -8.740047
-42.56026 -28.500172
-42.56026 -1.7100047
-42.56026 -1.7100047
-22.99014 -1.5200034
-22.99014 -1.5200034
-22.420137 -23.370136
-22.420137 -23.370136
-28.690176 -29.450176
-28.690176 -29.450176
-41.610252 -29.640179
-41.610252 -1.7100047
-41.610252 1.3300139
-42.75026 28.50018
-42.37026 1.7100163
-42.37026 1.7100163
-22.800138 1.7100163
-22.800138 1.7100163
-22.610138 23.75015
-22.610138 23.75015
-28.500174 29.830183
-28.500174 29.830183
-41.420254 29.450191
-42.75026 8.550058
-49.5903 7.600058
-49.5903 7.600058
-49.5903 22.230146
-49.5903 22.230146
-42.75026 21.090134
-22.420137 11.590076
-20.710127 11.590076
-22.610138 -11.4000635
-21.090128 -11.210063
-20.710127 -13.300076
-20.330124 -1.5200034
-20.330124 -1.5200034
0.38000232 -1.5200034
0.38000232 -1.5200034
0.38000232 -13.870085
-0.5700035 -14.630083
-19.380117 -14.630083
-20.330124 13.490088
-20.140123 1.3300139
-20.140123 1.3300139
0.19000116 1.5200208
0.19000116 1.5200208
0.38000232 13.490088
-19.57012 14.440094
-0.5700035 14.250098
0.38000232 4.5600395
2.8500173 4.5600395
3.0400186 -4.560022
0.5700035 -4.370021
2.470015 19.380125
2.470015 -19.000116
3.610022 -20.710121
19.380117 -20.520123
20.140123 -19.380117
20.140123 19.190128
19.57012 20.330135
3.2300198 20.14013
2.470015 1.3300139
19.95012 1.5200208
20.140123 -1.7100047
2.470015 -1.5200034
20.330124 -18.430113
25.650156 -18.430113
20.520124 18.430124
25.650156 18.430124
25.270155 19.760132
25.270155 -19.570114
26.22016 -20.520123
46.17028 -20.520123
46.17028 -20.520123
49.2103 -17.2901
49.2103 -17.2901
49.400303 -10.640059
49.400303 -10.640059
46.17028 -7.6000404
46.17028 -7.6000404
46.17028 -5.510028
46.17028 -5.510028
49.780304 -2.4700093
49.780304 -2.4700093
49.400303 2.4700208
49.400303 2.4700208
46.360283 5.130043
46.360283 5.130043
46.550285 7.410051
46.550285 7.410051
49.5903 10.640077
49.5903 10.640077
49.5903 17.670115
49.5903 17.670115
46.550285 20.330135
46.550285 20.330135
26.22016 20.330135
40.280247 20.52013
40.470245 2.6600277
40.280247 7.7900534
46.360283 7.9800544
40.85025 -7.980043
45.98028 -7.6000404
40.470245 -2.4700093
40.660248 -20.140118
25.840158 -1.5200034
39.710243 -1.3300023
25.270155 1.5200208
39.52024 1.7100163