-42.36033 -21.12016
-49.32038 -22.560173
-49.32038 -22.560173
-49.560383 -7.6800556
-49.560383 -7.6800556
-42.480328 -9.000066
-42.480328 9.120074
-49.32038 7.440065
-49.32038 7.440065
-49.440384 22.32018
-49.440384 22.32018
-42.480328 21.360172
-42.480328 29.52023
-42.36033 1.4400148
-42.36033 1.4400148
-22.560175 1.4400148
-22.560175 1.4400148
-22.560175 23.280188
-22.560175 23.280188
-28.56022 29.280233
-28.56022 29.280233
-42.36033 29.640236
-42.480328 -1.4400074
-42.480328 -29.520227
-42.480328 -29.520227
-28.680222 -29.520227
-28.680222 -29.520227
-22.320173 -23.52018
-22.320173 -23.52018
-22.440174 -1.6800094
-22.560175 -1.6800094
-42.36033 -1.6800094
-41.16032 1.3200176
-41.28032 -1.4400074
-22.320173 -11.520085
-20.76016 -11.520085
-22.440174 11.520093
-20.64016 11.400092
-20.400158 14.400119
-20.520159 1.4400148
-20.520159 1.4400148
0.4800037 1.8000176
0.4800037 1.8000176
0.6000047 14.280114
0.6000047 14.280114
-20.160156 14.280114
-20.520159 -1.6800094
-20.400158 -14.400107
-20.400158 -14.400107
0.3600028 -14.400107
0.3600028 -14.400107
0.4800037 -1.6800094
0.4800037 -1.6800094
-20.400158 -1.4400074
0.4800037 -4.5600314
2.5200195 -4.5600314
0.6000047 4.560039
2.4000187 4.560039
2.5200195 20.400166
2.5200195 -20.640158
2.5200195 -20.640158
20.400158 -20.520159
20.400158 -20.520159
20.400158 20.400166
20.400158 20.400166
2.4000187 20.520166
2.5200195 1.5600157
20.280157 1.4400148
2.5200195 -1.5600084
20.400158 -1.5600084
20.520159 18.240149
25.200195 18.360142
20.520159 -18.48014
25.440197 -18.48014
25.440197 20.520166
25.560198 -20.400156
25.560198 -20.400156
46.680363 -20.760157
46.680363 -20.760157
49.680386 -17.760136
49.680386 -17.760136
49.680386 -10.560078
49.680386 -10.560078
46.56036 -7.560055
46.56036 -7.560055
46.56036 -5.64004
46.56036 -5.64004
49.440384 -2.520016
49.440384 -2.520016
49.440384 2.4000223
49.440384 2.4000223
46.56036 5.4000454
46.56036 5.4000454
46.56036 7.440065
46.56036 7.440065
49.440384 10.320084
49.440384 10.320084
49.560383 17.64014
49.560383 17.64014
46.44036 20.520166
46.44036 20.520166
25.560198 20.520166
40.44031 20.400166
40.44031 1.6800203
40.44031 1.6800203
25.560198 1.5600157
25.560198 -1.4400074
40.44031 -1.3200066
40.44031 -1.3200066
40.560314 -20.640158
40.800316 -7.440054
46.56036 -7.440054
40.680313 7.3200603
46.56036 7.3200603
