-40.599922 -3.8999894
-45.29991 -7.699982
-45.29991 -7.699982
-49.799904 -7.899982
-49.799904 -7.899982
-49.799904 7.299989
-49.799904 7.299989
-45.29991 7.199992
-45.29991 7.199992
-40.599922 3.8999956
-40.39992 7.0999894
-40.69992 -6.9999833
-40.69992 -6.9999833
-27.899946 -7.399983
-27.899946 -7.399983
-27.599947 7.299989
-27.599947 7.299989
-40.299923 7.6999884
-27.399948 4.599997
-24.699953 4.4999943
-27.699947 -4.599988
-24.499952 -4.599988
-24.599953 1.7999965
-24.799952 29.099943
-24.799952 29.099943
-11.299978 28.89995
-11.299978 28.89995
-11.499978 1.8999994
-11.499978 1.8999994
-24.699953 1.6999998
-24.499952 -1.8999933
-24.999952 -28.099945
-24.999952 -28.099945
-11.799977 -28.299946
-11.799977 -28.299946
-11.899977 -1.6999937
-11.899977 -1.6999937
-24.399954 -1.6999937
-11.5999775 -4.8999906
-9.799981 -4.799988
-11.399978 4.299998
-9.299982 4.4999943
-9.199983 1.6
-9.299982 28.499945
-9.299982 28.499945
3.599993 28.399952
3.599993 28.399952
3.1999938 1.6999998
3.1999938 1.6999998
-9.299982 1.7999965
-9.499982 -1.6999937
2.9999943 -1.7999935
2.9999943 -1.7999935
3.1999938 -27.699947
3.1999938 -27.699947
-9.699982 -27.399948
-9.699982 -27.399948
-9.499982 -1.8999933
3.1999938 -4.3999887
46.39991 -4.599988
46.39991 -4.599988
48.49991 -1.3999943
48.49991 -1.3999943
48.599907 1.2000008
48.599907 1.2000008
46.39991 4.199995
46.39991 4.199995
3.3999934 4.8999968
