-40.600124 -3.8000085
-45.60014 -7.6000233
-45.60014 -7.6000233
-49.500153 -7.50002
-49.500153 -7.50002
-49.40015 7.400026
-49.40015 7.400026
-45.40014 7.400026
-45.40014 7.400026
-40.700127 3.900015
-40.500126 7.3000255
-40.400124 -7.4000196
-40.400124 -7.4000196
-21.500067 -7.6000233
-21.500067 -7.6000233
-21.500067 7.400026
-21.500067 7.400026
-40.400124 7.3000255
-21.300066 4.5000167
-18.500057 4.5000167
-21.300066 -4.600011
-18.600058 -4.500011
-18.500057 29.400097
-18.500057 1.4000103
-18.500057 1.4000103
-5.7000175 1.4000103
-5.7000175 1.4000103
-5.600017 29.600098
-5.600017 29.600098
-18.500057 29.600098
-3.5000107 29.500097
9.400029 29.400097
9.400029 29.400097
9.300029 1.600008
9.300029 1.600008
-3.4000103 1.4000103
-3.4000103 1.4000103
-3.4000103 29.500097
-5.5000167 4.5000167
-3.4000103 4.5000167
-18.600058 -29.70009
-18.400057 -1.6000018
-18.400057 -1.6000018
-5.600017 -1.6000018
-5.600017 -1.6000018
-5.5000167 -29.30009
-5.5000167 -29.30009
-18.700058 -29.50009
-3.3000102 -29.60009
9.400029 -29.30009
9.400029 -29.30009
9.300029 -1.7000022
9.200028 -1.7000022
-3.2000098 -1.7000022
-3.2000098 -1.7000022
-3.4000103 -29.400091
-5.5000167 -4.600011
-3.4000103 -4.500011
9.600029 4.5000167
22.400068 4.5000167
9.400029 -4.600011
22.500069 -4.500011
18.700058 -4.7000113
22.300068 -8.200022
18.600058 4.7000175
22.70007 8.500032
22.600069 29.600098
22.70007 -29.70009
22.70007 -29.70009
33.4001 -29.70009
33.4001 -29.70009
35.50011 -27.400084
35.50011 -27.400084
35.50011 27.60009
35.50011 27.500084
33.6001 29.300097
33.6001 29.300097
22.600069 29.500097
22.600069 1.4000103
35.30011 1.5000076
22.80007 -1.5000015
35.30011 -1.6000018
35.50011 11.500038
40.400124 6.4000225
35.50011 -11.8000345
40.400124 -6.7000175
35.60011 -1.9000028
40.600124 -6.7000175
40.600124 -6.7000175
45.60014 -6.7000175
45.60014 -6.7000175
49.500153 -2.600005
49.500153 -2.600005
49.60015 2.5000107
49.60015 2.5000107
45.40014 6.500026
45.40014 6.500026
40.600124 6.6000204
40.600124 6.6000204
35.60011 1.7000083
