-42.36033 9.840076
-49.440384 12.360099
-49.440384 12.360099
-49.560383 -12.600096
-49.560383 -12.600096
-42.480328 -9.840073
-41.400322 2.4000223
-41.400322 -2.4000149
-17.520136 2.4000223
-42.36033 2.6400242
-42.36033 2.6400242
-42.36033 22.440182
-42.36033 22.440182
-39.240303 25.680199
-39.240303 25.680199
-20.520159 25.560205
-17.400135 2.6400242
-17.400135 13.3201065
-15.240118 13.3201065
-15.240118 2.8800297
-15.240118 2.8800297
2.4000187 2.6400242
2.4000187 2.6400242
2.6400204 16.320133
5.520043 16.320133
5.6400437 2.5200195
5.6400437 2.5200195
20.400158 2.760025
20.520159 -2.6400168
5.6400437 -2.4000149
5.6400437 -2.4000149
5.6400437 -16.440125
2.5200195 -16.560127
2.5200195 -2.7600176
2.5200195 -2.7600176
-15.360119 -2.7600176
-15.360119 -2.7600176
-15.360119 -13.3201
-17.520136 -13.3201
-17.520136 -2.520016
-17.520136 -2.520016
-42.480328 -2.520016
-42.480328 -2.520016
-42.480328 -22.440174
-42.480328 -22.440174
-39.480305 -25.320192
-39.480305 -25.320192
-20.520159 -25.680197
-14.520112 -13.440101
-18.480143 -13.560103
-18.480143 -13.560103
-20.520159 -15.480118
-20.520159 -15.480118
-20.64016 -26.640203
-20.64016 -26.640203
-18.480143 -28.560219
-18.480143 -28.560219
-14.520112 -28.800219
-14.520112 -28.800219
-12.600098 -26.760204
-12.600098 -26.760204
-12.480097 -15.84012
-12.480097 -15.84012
-14.8801155 -13.440101
-14.520112 13.440107
-18.24014 13.440107
-18.24014 13.440107
-20.280157 15.480127
-20.280157 15.480127
-20.400158 26.28021
-20.400158 26.28021
-18.480143 28.320227
-18.480143 28.320227
-14.400111 28.440228
-14.400111 28.440228
-12.360096 26.520212
-12.360096 26.520212
-12.480097 15.600128
-12.480097 15.600128
-14.520112 13.680113
-12.120093 25.560205
-2.4000187 25.320196
-2.4000187 25.320196
1.3200102 29.52023
1.3200102 29.52023
6.600051 29.400234
6.600051 29.400234
10.440081 25.440205
10.440081 25.440205
10.440081 20.400166
10.440081 20.400166
6.2400484 16.560135
6.2400484 16.560135
1.680013 16.680136
1.680013 16.680136
-2.5200195 20.520166
-2.5200195 20.520166
-2.5200195 25.200203
-9.480073 25.320196
-9.480073 -25.440195
-12.480097 -25.560198
-2.6400204 -25.560198
-2.6400204 -25.560198
1.3200102 -29.640228
1.3200102 -29.640228
6.3600492 -29.520227
6.3600492 -29.520227
10.440081 -25.440195
10.440081 -25.440195
10.5600815 -20.760157
10.5600815 -20.760157
6.3600492 -16.560127
6.3600492 -16.560127
1.4400111 -16.560127
1.4400111 -16.560127
-2.5200195 -20.640158
-2.5200195 -20.640158
-2.6400204 -25.560198
10.440081 25.320196
20.400158 25.320196
20.400158 25.320196
20.400158 -25.560198
20.400158 -25.560198
10.5600815 -25.560198
20.400158 18.48015
23.520182 18.600151
20.520159 -18.48014
23.40018 -18.600142
23.520182 -23.52018
23.520182 23.40018
23.520182 23.40018
28.44022 28.440228
28.44022 28.440228
32.520252 28.440228
32.520252 28.440228
34.56027 26.400211
34.56027 26.400211
35.760277 26.520212
35.760277 26.520212
40.560314 21.360172
34.56027 26.16021
34.440266 15.480127
34.440266 15.480127
32.520252 13.3201065
32.520252 13.3201065
28.44022 13.2001095
28.44022 13.2001095
26.520205 15.480127
26.520205 15.480127
26.520205 26.640213
23.640182 2.4000223
40.320312 2.6400242
40.320312 2.6400242
40.44031 21.360172
23.640182 -2.520016
40.44031 -2.520016
40.44031 -2.520016
40.560314 -21.240162
40.560314 -21.240162
35.760277 -26.640203
35.760277 -26.640203
34.440266 -26.400202
34.440266 -26.400202
32.40025 -28.440218
32.40025 -28.440218
28.56022 -28.560219
28.56022 -28.560219
23.640182 -23.640182
26.520205 -26.760204
26.400204 -15.720118
26.400204 -15.720118
28.44022 -13.560103
28.44022 -13.560103
32.520252 -13.560103
32.520252 -13.560103
34.440266 -15.600119
34.440266 -15.600119
34.56027 -26.400202
40.680313 -20.520159
46.56036 -20.520159
46.56036 -20.520159
49.560383 -17.520134
49.560383 -17.520134
49.32038 -11.520085
49.32038 -11.520085
46.32036 -8.400062
46.32036 -8.400062
40.560314 -8.520062
40.44031 20.64016
46.80036 20.64016
46.80036 20.64016
49.560383 17.64014
49.560383 17.64014
49.560383 11.400092
49.560383 11.400092
46.56036 8.520069
46.56036 8.520069
40.560314 8.520069
46.44036 8.280071
46.56036 6.480054
46.56036 6.480054
49.560383 3.3600297
49.560383 3.3600297
49.560383 -3.3600223
49.560383 -3.3600223
46.44036 -6.3600454
46.44036 -6.3600454
46.32036 -8.160063
