-42.36033 -9.600071
-47.400368 -9.720076
-47.400368 -9.720076
-49.440384 -7.320053
-49.440384 -7.320053
-49.680386 7.3200603
-49.680386 7.3200603
-47.520367 9.36008
-47.520367 9.36008
-42.480328 9.36008
-42.36033 29.280233
-42.36033 1.4400148
-42.36033 1.4400148
-17.640137 1.3200176
-17.640137 1.3200176
-17.400135 23.280188
-17.400135 23.280188
-23.520182 29.400234
-23.520182 29.400234
-42.240326 29.400234
-42.480328 -1.5600084
-17.640137 -1.5600084
-17.640137 -1.5600084
-17.520136 -23.52018
-17.520136 -23.52018
-23.40018 -29.520227
-23.40018 -29.520227
-42.480328 -29.400227
-42.480328 -29.400227
-42.60033 -1.8000103
-41.52032 -1.3200066
-41.52032 1.080012
-17.400135 11.400092
-15.600121 11.520093
-17.640137 -11.4000845
-15.360119 -11.4000845
-15.600121 25.440205
-15.600121 -25.680197
-15.600121 -25.680197
-10.440081 -25.680197
-10.440081 -25.680197
-9.600075 -24.480188
-9.600075 -24.480188
-9.360072 24.240194
-9.360072 24.240194
-10.5600815 25.440205
-10.5600815 25.440205
-15.48012 25.440205
-9.600075 -24.60019
-8.520066 -25.680197
-8.520066 -25.680197
7.5600586 -25.800198
7.5600586 -25.800198
8.520066 -24.480188
8.400065 -24.480188
9.480073 -25.560198
9.480073 -25.560198
20.400158 -25.560198
20.400158 -25.560198
20.64016 25.440205
20.64016 25.440205
9.480073 25.320196
9.480073 25.320196
8.520066 24.240194
8.520066 24.240194
7.4400578 25.320196
7.4400578 25.320196
-8.400065 25.560205
-8.400065 25.560205
-9.480073 24.120186
8.520066 24.360195
8.520066 -24.480188
-15.48012 -1.6800094
20.520159 -1.6800094
-15.48012 1.5600157
20.400158 1.6800203
20.64016 18.48015
25.320196 18.48015
20.64016 -18.48014
25.320196 -18.48014
25.440197 19.560152
25.560198 -19.44015
25.560198 -19.44015
28.56022 -22.440174
28.56022 -22.440174
38.4003 -22.680172
38.4003 -22.680172
38.4003 -10.320076
38.4003 -10.320076
46.44036 -10.440077
46.44036 -10.440077
46.44036 -8.520062
46.44036 -8.520062
49.440384 -5.520039
49.440384 -5.520039
49.440384 5.52005
49.440384 5.52005
46.44036 8.520069
46.44036 8.520069
46.32036 10.440084
46.32036 10.440084
38.520298 10.560089
38.520298 10.560089
38.6403 22.440182
38.6403 22.440182
28.56022 22.560183
28.56022 22.560183
25.440197 19.320156
25.680199 -1.5600084
40.320312 -1.5600084
40.320312 -1.5600084
40.20031 -10.080078
25.560198 1.5600157
40.20031 1.6800203
40.20031 1.6800203
40.320312 10.320084
